Asignación de estaciones de un sistema de transporte masivo según los habitantes de los barrios
Numero de barrios 11
Numero estaciones: 4
Numero de personas por barrio: [478, 283, 147, 135, 129, 152, 336, 278, 377, 44, 256]
No se pueden distribuir con los valores dados
Estación numero: 1 asignación: [478, 147]
Estación numero: 2 asignación: [377, 152, 135]
Estación numero: 3 asignación: [336, 256, 44]
Estación numero: 4 asignación: [283, 278, 129]


Numero de barrios 79
Numero estaciones: 2
Numero de personas por barrio: [285, 343, 212, 429, 15, 68, 13, 141, 455, 133, 210, 7, 397, 362, 373, 435, 199, 74, 392, 182, 477, 478, 463, 10, 317, 168, 478, 185, 3, 466, 82, 69, 91, 155, 394, 456, 358, 225, 115, 349, 325, 437, 444, 152, 303, 71, 92, 179, 48, 300, 192, 416, 393, 51, 103, 118, 112, 299, 19, 269, 47, 483, 214, 434, 248, 331, 112, 94, 216, 299, 96, 462, 157, 11, 350, 117, 405, 331, 67]
No se pueden distribuir con los valores dados
Estación numero: 1 asignación: [483, 477, 463, 456, 455, 435, 429, 416, 394, 392, 362, 358, 343, 331, 325, 300, 299, 269, 248, 214, 210, 192, 185, 168, 157, 152, 118, 117, 112, 103, 94, 91, 71, 68, 51, 48, 19, 13, 10, 3]
Estación numero: 2 asignación: [478, 478, 466, 462, 444, 437, 434, 405, 397, 393, 373, 350, 349, 331, 317, 303, 299, 285, 225, 216, 212, 199, 182, 179, 155, 141, 133, 115, 112, 96, 92, 82, 74, 69, 67, 47, 15, 11, 7]


Numero de barrios 36
Numero estaciones: 4
Numero de personas por barrio: [424, 458, 67, 300, 321, 418, 129, 454, 486, 146, 318, 67, 311, 61, 58, 73, 234, 245, 458, 104, 368, 478, 417, 73, 354, 391, 457, 396, 49, 407, 80, 59, 115, 377, 430, 390]
No se pueden distribuir con los valores dados
Estación numero: 1 asignación: [486, 424, 417, 368, 354, 146, 129, 73, 67]
Estación numero: 2 asignación: [478, 430, 418, 377, 318, 245, 104, 73, 58]
Estación numero: 3 asignación: [458, 457, 396, 391, 321, 234, 115, 67, 59]
Estación numero: 4 asignación: [458, 454, 407, 390, 311, 300, 80, 61, 49]


Numero de barrios 16
Numero estaciones: 4
Numero de personas por barrio: [328, 300, 73, 344, 373, 237, 362, 357, 142, 15, 228, 260, 247, 449, 244, 354]
No se pueden distribuir con los valores dados
Estación numero: 1 asignación: [449, 300, 237, 15]
Estación numero: 2 asignación: [373, 328, 260, 73]
Estación numero: 3 asignación: [362, 344, 247, 228]
Estación numero: 4 asignación: [357, 354, 244, 142]


Numero de barrios 31
Numero estaciones: 2
Numero de personas por barrio: [154, 188, 13, 204, 476, 320, 29, 73, 485, 71, 276, 236, 298, 141, 431, 325, 51, 23, 243, 421, 166, 237, 450, 25, 441, 479, 416, 483, 306, 262, 462]
No se pueden distribuir con los valores dados
Estación numero: 1 asignación: [485, 476, 462, 431, 416, 325, 298, 276, 237, 204, 188, 154, 71, 29, 25, 13]
Estación numero: 2 asignación: [483, 479, 450, 441, 421, 320, 306, 262, 243, 236, 166, 141, 73, 51, 23]


Numero de barrios 27
Numero estaciones: 3
Numero de personas por barrio: [77, 467, 320, 88, 271, 498, 178, 349, 214, 285, 75, 146, 12, 455, 177, 408, 307, 169, 40, 424, 275, 240, 104, 297, 339, 56, 135]
No se pueden distribuir con los valores dados
Estación numero: 1 asignación: [498, 349, 339, 297, 214, 178, 146, 77, 56]
Estación numero: 2 asignación: [467, 408, 320, 275, 271, 169, 104, 88, 12]
Estación numero: 3 asignación: [455, 424, 307, 285, 240, 177, 135, 75, 40]


Numero de barrios 95
Numero estaciones: 4
Numero de personas por barrio: [489, 86, 238, 403, 289, 478, 203, 242, 461, 316, 281, 199, 430, 470, 430, 112, 429, 67, 258, 35, 81, 223, 443, 162, 488, 35, 234, 48, 129, 37, 133, 210, 409, 239, 270, 476, 319, 121, 310, 238, 478, 89, 62, 141, 202, 243, 170, 321, 288, 491, 42, 458, 496, 205, 348, 151, 354, 46, 49, 136, 117, 388, 323, 109, 325, 120, 228, 176, 392, 215, 393, 205, 105, 298, 354, 441, 215, 199, 122, 152, 283, 11, 414, 229, 72, 52, 368, 313, 146, 145, 365, 239, 119, 469, 58]
No se pueden distribuir con los valores dados
Estación numero: 1 asignación: [496, 470, 469, 429, 393, 392, 325, 323, 313, 281, 239, 238, 229, 205, 202, 170, 145, 122, 121, 112, 67, 58, 46, 11]
Estación numero: 2 asignación: [491, 476, 458, 430, 409, 368, 354, 319, 310, 270, 258, 234, 215, 215, 199, 152, 151, 136, 120, 89, 86, 62, 37, 35]
Estación numero: 3 asignación: [489, 478, 443, 441, 414, 365, 354, 321, 298, 283, 243, 239, 228, 205, 203, 162, 146, 133, 119, 109, 72, 52, 48]
Estación numero: 4 asignación: [488, 478, 461, 430, 403, 388, 348, 316, 289, 288, 242, 238, 223, 210, 199, 176, 141, 129, 117, 105, 81, 49, 42, 35]


Numero de barrios 2
Numero estaciones: 4
Numero de personas por barrio: [19, 375]
No se pueden distribuir con los valores dados
Estación numero: 1 asignación: [375]
Estación numero: 2 asignación: [19]
Estación numero: 3 asignación: []
Estación numero: 4 asignación: []


Numero de barrios 50
Numero estaciones: 3
Numero de personas por barrio: [429, 92, 455, 226, 154, 234, 205, 224, 208, 431, 143, 107, 371, 420, 126, 301, 235, 99, 38, 291, 152, 216, 387, 497, 147, 264, 151, 298, 445, 55, 373, 116, 395, 215, 329, 172, 150, 220, 137, 42, 140, 425, 331, 364, 479, 185, 270, 90, 96, 487]
No se pueden distribuir con los valores dados
Estación numero: 1 asignación: [497, 431, 429, 387, 364, 298, 270, 234, 220, 215, 154, 152, 147, 137, 96, 92]
Estación numero: 2 asignación: [487, 445, 425, 373, 371, 301, 291, 226, 216, 205, 185, 150, 140, 116, 107, 55, 42]
Estación numero: 3 asignación: [479, 455, 420, 395, 331, 329, 264, 235, 224, 208, 172, 151, 143, 126, 99, 90, 38]


Numero de barrios 78
Numero estaciones: 5
Numero de personas por barrio: [57, 151, 461, 311, 478, 485, 273, 463, 4, 39, 255, 177, 276, 90, 119, 403, 32, 314, 413, 250, 55, 173, 205, 413, 479, 448, 109, 336, 26, 396, 61, 418, 73, 132, 159, 157, 413, 139, 417, 28, 32, 413, 408, 33, 344, 339, 27, 229, 448, 371, 140, 39, 399, 166, 346, 295, 423, 15, 360, 49, 220, 54, 107, 171, 173, 50, 494, 264, 476, 259, 500, 449, 265, 75, 180, 107, 466, 128]
No se pueden distribuir con los valores dados
Estación numero: 1 asignación: [500, 449, 423, 413, 403, 314, 311, 229, 220, 157, 128, 107, 57, 54, 27, 4]
Estación numero: 2 asignación: [494, 461, 417, 413, 399, 336, 273, 259, 177, 173, 139, 119, 55, 39, 33, 26]
Estación numero: 3 asignación: [485, 463, 448, 408, 371, 344, 276, 255, 180, 171, 140, 109, 73, 39, 32]
Estación numero: 4 asignación: [479, 466, 448, 413, 360, 346, 295, 250, 173, 166, 151, 90, 75, 50, 32]
Estación numero: 5 asignación: [478, 476, 418, 413, 396, 339, 265, 264, 205, 159, 132, 107, 61, 49, 28, 15]


Numero de barrios 78
Numero estaciones: 5
Numero de personas por barrio: [290, 480, 409, 388, 276, 392, 412, 191, 35, 339, 307, 482, 147, 190, 212, 489, 298, 279, 478, 32, 447, 122, 86, 115, 63, 136, 307, 66, 376, 473, 363, 375, 99, 413, 205, 348, 66, 53, 15, 190, 180, 377, 178, 177, 315, 323, 403, 152, 448, 338, 163, 353, 381, 393, 285, 399, 194, 106, 382, 440, 243, 31, 32, 332, 298, 197, 326, 30, 381, 393, 73, 296, 476, 329, 500, 101, 259, 50]
No se pueden distribuir con los valores dados
Estación numero: 1 asignación: [500, 440, 409, 392, 377, 339, 332, 307, 259, 243, 178, 136, 122, 66, 50]
Estación numero: 2 asignación: [489, 447, 412, 393, 376, 353, 323, 298, 279, 205, 190, 147, 115, 73, 35, 30]
Estación numero: 3 asignación: [482, 448, 413, 393, 381, 348, 326, 298, 290, 194, 190, 163, 101, 66, 53]
Estación numero: 4 asignación: [480, 473, 403, 382, 381, 338, 329, 307, 276, 212, 180, 177, 99, 63, 32, 31]
Estación numero: 5 asignación: [478, 476, 399, 388, 375, 363, 315, 296, 285, 197, 191, 152, 106, 86, 32, 15]


Numero de barrios 97
Numero estaciones: 2
Numero de personas por barrio: [44, 98, 234, 335, 255, 459, 423, 96, 68, 291, 181, 389, 400, 415, 446, 28, 183, 57, 18, 195, 246, 435, 15, 180, 160, 59, 49, 146, 301, 416, 279, 200, 322, 78, 113, 121, 3, 431, 143, 463, 82, 330, 291, 296, 189, 99, 335, 378, 431, 61, 234, 346, 389, 468, 170, 431, 488, 72, 314, 107, 364, 45, 215, 181, 67, 492, 432, 363, 322, 339, 31, 151, 378, 408, 362, 465, 76, 444, 22, 246, 37, 483, 454, 407, 461, 300, 81, 352, 52, 293, 327, 429, 151, 86, 384, 162, 424]
Si se puede distribuir de manera equitativa, el valor de cada asignación es: 12286
Estación numero: 1 asignación: [492, 468, 465, 461, 454, 435, 432, 431, 429, 423, 408, 407, 389, 378, 378, 362, 346, 335, 330, 327, 314, 301, 296, 291, 279, 246, 234, 200, 189, 181, 181, 170, 151, 151, 121, 113, 99, 96, 82, 78, 68, 67, 57, 49, 45, 37, 22, 18]
Estación numero: 2 asignación: [488, 483, 463, 459, 446, 444, 431, 431, 424, 416, 415, 400, 389, 384, 364, 363, 352, 339, 335, 322, 322, 300, 293, 291, 255, 246, 234, 215, 195, 183, 180, 162, 160, 146, 143, 107, 98, 86, 81, 76, 72, 61, 59, 52, 44, 31, 28, 15, 3]


Numero de barrios 48
Numero estaciones: 5
Numero de personas por barrio: [494, 124, 189, 28, 461, 115, 239, 343, 466, 343, 421, 290, 16, 166, 375, 423, 241, 110, 136, 295, 386, 384, 318, 438, 105, 313, 341, 211, 165, 348, 470, 190, 190, 259, 414, 75, 34, 397, 417, 124, 291, 346, 72, 473, 446, 208, 478, 145]
No se pueden distribuir con los valores dados
Estación numero: 1 asignación: [494, 421, 397, 346, 341, 211, 208, 124, 115]
Estación numero: 2 asignación: [478, 423, 417, 343, 313, 241, 190, 165, 72, 28]
Estación numero: 3 asignación: [473, 438, 414, 343, 295, 290, 166, 124, 110, 16]
Estación numero: 4 asignación: [470, 446, 386, 375, 291, 259, 189, 136, 75, 34]
Estación numero: 5 asignación: [466, 461, 384, 348, 318, 239, 190, 145, 105]


Numero de barrios 74
Numero estaciones: 2
Numero de personas por barrio: [173, 309, 19, 409, 193, 355, 254, 124, 85, 187, 165, 31, 129, 489, 53, 389, 181, 132, 346, 481, 317, 420, 88, 196, 367, 126, 328, 12, 29, 487, 356, 355, 346, 200, 127, 98, 421, 25, 363, 482, 181, 297, 433, 27, 435, 480, 263, 318, 140, 414, 351, 2, 482, 342, 17, 200, 360, 300, 453, 61, 387, 362, 463, 351, 20, 129, 97, 224, 106, 343, 373, 388, 404, 391]
No se pueden distribuir con los valores dados
Estación numero: 1 asignación: [489, 482, 480, 453, 435, 421, 414, 404, 388, 373, 367, 360, 356, 355, 346, 346, 328, 318, 309, 297, 224, 200, 193, 187, 173, 165, 129, 127, 124, 98, 88, 85, 31, 29, 20, 19, 12]
Estación numero: 2 asignación: [487, 482, 481, 463, 433, 420, 409, 391, 389, 387, 363, 362, 355, 351, 351, 343, 342, 317, 300, 263, 254, 200, 196, 181, 181, 140, 132, 129, 126, 106, 97, 61, 53, 27, 25, 17, 2]


Numero de barrios 29
Numero estaciones: 2
Numero de personas por barrio: [354, 264, 149, 59, 12, 415, 397, 452, 500, 416, 29, 464, 117, 24, 401, 414, 163, 405, 97, 364, 191, 411, 282, 405, 65, 479, 227, 331, 94]
No se pueden distribuir con los valores dados
Estación numero: 1 asignación: [500, 452, 415, 411, 405, 397, 354, 331, 227, 163, 149, 94, 59, 29]
Estación numero: 2 asignación: [479, 464, 416, 414, 405, 401, 364, 282, 264, 191, 117, 97, 65, 24, 12]


Numero de barrios 14
Numero estaciones: 2
Numero de personas por barrio: [318, 489, 371, 377, 455, 125, 53, 54, 359, 57, 115, 337, 120, 286]
No se pueden distribuir con los valores dados
Estación numero: 1 asignación: [489, 371, 337, 286, 125, 115, 53]
Estación numero: 2 asignación: [455, 377, 359, 318, 120, 57, 54]


Numero de barrios 67
Numero estaciones: 3
Numero de personas por barrio: [301, 35, 291, 20, 201, 460, 471, 193, 7, 117, 421, 108, 382, 407, 387, 118, 205, 365, 209, 342, 306, 244, 374, 218, 408, 26, 1, 150, 367, 270, 368, 382, 391, 23, 24, 47, 202, 98, 22, 112, 191, 476, 429, 135, 175, 141, 475, 222, 49, 25, 413, 248, 185, 187, 466, 458, 179, 276, 453, 392, 129, 268, 373, 38, 367, 19, 139]
No se pueden distribuir con los valores dados
Estación numero: 1 asignación: [476, 458, 453, 407, 387, 374, 367, 342, 306, 276, 244, 209, 193, 187, 179, 135, 118, 108, 38, 35, 22, 7, 1]
Estación numero: 2 asignación: [475, 460, 429, 408, 391, 382, 373, 365, 291, 270, 248, 205, 201, 185, 150, 141, 129, 112, 47, 25, 23, 20]
Estación numero: 3 asignación: [471, 466, 421, 413, 392, 382, 368, 367, 301, 268, 222, 218, 202, 191, 175, 139, 117, 98, 49, 26, 24, 19]


Numero de barrios 26
Numero estaciones: 5
Numero de personas por barrio: [434, 462, 313, 283, 40, 77, 246, 71, 16, 276, 402, 397, 214, 484, 197, 283, 17, 360, 26, 259, 199, 311, 389, 470, 23, 389]
No se pueden distribuir con los valores dados
Estación numero: 1 asignación: [484, 313, 311, 197, 23]
Estación numero: 2 asignación: [470, 360, 276, 214, 16]
Estación numero: 3 asignación: [462, 389, 259, 77, 71, 40, 26]
Estación numero: 4 asignación: [434, 389, 283, 199, 17]
Estación numero: 5 asignación: [402, 397, 283, 246]


Numero de barrios 3
Numero estaciones: 3
Numero de personas por barrio: [97, 167, 417]
No se pueden distribuir con los valores dados
Estación numero: 1 asignación: [417]
Estación numero: 2 asignación: [167]
Estación numero: 3 asignación: [97]


Numero de barrios 65
Numero estaciones: 5
Numero de personas por barrio: [11, 56, 205, 240, 35, 61, 422, 51, 441, 43, 93, 266, 31, 33, 284, 95, 422, 413, 421, 291, 385, 37, 161, 40, 63, 441, 170, 490, 480, 247, 125, 289, 174, 61, 198, 190, 374, 143, 356, 473, 35, 444, 428, 384, 6, 351, 386, 288, 478, 410, 305, 140, 414, 488, 55, 377, 480, 334, 159, 288, 39, 316, 185, 308, 460]
No se pueden distribuir con los valores dados
Estación numero: 1 asignación: [490, 441, 422, 386, 377, 291, 288, 198, 159, 95, 61, 39, 31]
Estación numero: 2 asignación: [488, 441, 422, 413, 334, 316, 266, 205, 170, 93, 56, 40, 33]
Estación numero: 3 asignación: [480, 460, 421, 385, 374, 289, 288, 190, 161, 140, 43, 35, 6]
Estación numero: 4 asignación: [480, 444, 428, 410, 351, 305, 247, 240, 143, 125, 55, 37, 11]
Estación numero: 5 asignación: [478, 473, 414, 384, 356, 308, 284, 185, 174, 63, 61, 51, 35]


Numero de barrios 10
Numero estaciones: 2
Numero de personas por barrio: [253, 81, 470, 329, 468, 497, 380, 466, 249, 460]
No se pueden distribuir con los valores dados
Estación numero: 1 asignación: [497, 466, 380, 329, 81]
Estación numero: 2 asignación: [470, 468, 460, 253, 249]


Numero de barrios 89
Numero estaciones: 4
Numero de personas por barrio: [163, 365, 271, 202, 116, 495, 307, 239, 124, 265, 264, 376, 81, 40, 190, 295, 118, 266, 411, 112, 375, 349, 93, 315, 388, 63, 381, 338, 328, 436, 75, 32, 185, 455, 113, 104, 155, 360, 256, 348, 489, 14, 55, 467, 195, 403, 318, 195, 54, 216, 215, 366, 416, 474, 458, 168, 19, 142, 43, 216, 236, 446, 308, 392, 292, 284, 345, 284, 49, 47, 39, 102, 394, 263, 306, 465, 17, 470, 408, 94, 324, 188, 137, 53, 349, 430, 5, 191, 162]
No se pueden distribuir con los valores dados
Estación numero: 1 asignación: [495, 455, 416, 411, 392, 360, 349, 328, 307, 284, 271, 263, 202, 191, 168, 162, 113, 94, 93, 49, 39, 17]
Estación numero: 2 asignación: [489, 458, 430, 403, 381, 366, 349, 338, 306, 284, 266, 236, 216, 195, 188, 137, 124, 102, 81, 53, 40, 14, 5]
Estación numero: 3 asignación: [474, 465, 436, 408, 376, 375, 345, 318, 315, 292, 265, 256, 215, 190, 163, 155, 116, 112, 63, 55, 47, 19]
Estación numero: 4 asignación: [470, 467, 446, 394, 388, 365, 348, 324, 308, 295, 264, 239, 216, 195, 185, 142, 118, 104, 75, 54, 43, 32]


Numero de barrios 67
Numero estaciones: 5
Numero de personas por barrio: [146, 320, 177, 72, 322, 398, 61, 356, 429, 429, 413, 278, 23, 263, 275, 299, 210, 341, 373, 191, 33, 149, 2, 310, 421, 157, 361, 446, 417, 380, 183, 126, 423, 2, 201, 220, 369, 416, 447, 220, 485, 158, 340, 253, 170, 374, 469, 466, 343, 167, 452, 243, 265, 481, 123, 166, 331, 439, 108, 292, 26, 165, 169, 45, 497, 75, 187]
No se pueden distribuir con los valores dados
Estación numero: 1 asignación: [497, 429, 417, 398, 343, 322, 292, 220, 210, 167, 158, 75, 61]
Estación numero: 2 asignación: [485, 439, 421, 374, 361, 331, 275, 243, 191, 177, 146, 126, 23]
Estación numero: 3 asignación: [481, 446, 416, 380, 356, 340, 265, 263, 183, 166, 149, 123, 26]
Estación numero: 4 asignación: [469, 447, 429, 373, 369, 320, 278, 253, 187, 170, 157, 108, 33]
Estación numero: 5 asignación: [466, 452, 423, 413, 341, 310, 299, 220, 201, 169, 165, 72, 45, 2, 2]


Numero de barrios 19
Numero estaciones: 2
Numero de personas por barrio: [13, 125, 341, 170, 427, 274, 351, 155, 88, 167, 470, 348, 465, 497, 492, 416, 189, 417, 246]
No se pueden distribuir con los valores dados
Estación numero: 1 asignación: [497, 465, 427, 351, 348, 274, 189, 167, 88, 13]
Estación numero: 2 asignación: [492, 470, 417, 416, 341, 246, 170, 155, 125]


Numero de barrios 34
Numero estaciones: 2
Numero de personas por barrio: [106, 119, 486, 167, 343, 201, 268, 320, 396, 222, 89, 411, 235, 482, 98, 393, 193, 339, 436, 473, 85, 416, 191, 93, 209, 300, 57, 250, 104, 461, 126, 28, 183, 267]
No se pueden distribuir con los valores dados
Estación numero: 1 asignación: [486, 461, 436, 396, 393, 320, 268, 267, 222, 209, 191, 167, 126, 106, 98, 85, 57]
Estación numero: 2 asignación: [482, 473, 416, 411, 343, 339, 300, 250, 235, 201, 193, 183, 119, 104, 93, 89, 28]


Numero de barrios 67
Numero estaciones: 3
Numero de personas por barrio: [338, 322, 160, 478, 318, 239, 131, 135, 303, 152, 499, 18, 204, 37, 35, 457, 53, 93, 167, 294, 412, 265, 275, 244, 48, 14, 178, 266, 210, 165, 447, 348, 46, 167, 343, 143, 1, 137, 332, 301, 497, 317, 387, 219, 363, 401, 88, 4, 310, 447, 437, 458, 419, 187, 91, 384, 482, 95, 116, 136, 206, 17, 281, 66, 329, 44, 6]
No se pueden distribuir con los valores dados
Estación numero: 1 asignación: [499, 457, 447, 401, 387, 343, 329, 310, 303, 275, 244, 210, 204, 165, 143, 136, 116, 91, 53, 44, 17, 14]
Estación numero: 2 asignación: [497, 458, 447, 412, 384, 338, 322, 318, 301, 266, 265, 206, 178, 167, 160, 135, 95, 93, 66, 46, 35]
Estación numero: 3 asignación: [482, 478, 437, 419, 363, 348, 332, 317, 294, 281, 239, 219, 187, 167, 152, 137, 131, 88, 48, 37, 18, 6, 4, 1]


Numero de barrios 60
Numero estaciones: 5
Numero de personas por barrio: [357, 233, 22, 92, 325, 46, 48, 2, 29, 359, 243, 272, 122, 96, 66, 125, 293, 144, 137, 349, 276, 280, 136, 297, 412, 180, 189, 228, 194, 199, 493, 117, 305, 341, 454, 24, 199, 76, 118, 366, 310, 63, 352, 241, 45, 238, 109, 77, 60, 332, 113, 1, 500, 13, 11, 162, 500, 225, 463, 193]
No se pueden distribuir con los valores dados
Estación numero: 1 asignación: [500, 357, 325, 293, 241, 199, 189, 125, 96, 77, 45, 2]
Estación numero: 2 asignación: [500, 352, 341, 276, 243, 228, 144, 137, 117, 63, 48]
Estación numero: 3 asignación: [493, 359, 332, 280, 272, 194, 180, 118, 113, 60, 46, 1]
Estación numero: 4 asignación: [463, 366, 349, 297, 238, 225, 162, 136, 92, 76, 24, 22]
Estación numero: 5 asignación: [454, 412, 310, 305, 233, 199, 193, 122, 109, 66, 29, 13, 11]


Numero de barrios 60
Numero estaciones: 2
Numero de personas por barrio: [293, 473, 405, 487, 158, 142, 70, 210, 462, 435, 240, 359, 187, 273, 167, 361, 287, 246, 346, 246, 179, 218, 89, 199, 269, 87, 78, 110, 93, 457, 334, 321, 344, 22, 91, 96, 253, 462, 53, 270, 62, 346, 306, 278, 124, 39, 175, 486, 151, 152, 244, 53, 421, 168, 235, 95, 378, 285, 459, 500]
No se pueden distribuir con los valores dados
Estación numero: 1 asignación: [500, 473, 462, 459, 421, 405, 359, 346, 334, 306, 293, 285, 270, 269, 246, 240, 218, 210, 179, 175, 158, 152, 142, 96, 95, 89, 87, 62, 53, 39]
Estación numero: 2 asignación: [487, 486, 462, 457, 435, 378, 361, 346, 344, 321, 287, 278, 273, 253, 246, 244, 235, 199, 187, 168, 167, 151, 124, 110, 93, 91, 78, 70, 53, 22]


Numero de barrios 71
Numero estaciones: 3
Numero de personas por barrio: [5, 265, 362, 302, 492, 218, 325, 168, 354, 436, 241, 381, 51, 4, 191, 416, 499, 164, 163, 486, 257, 199, 164, 108, 210, 32, 378, 13, 372, 163, 186, 477, 276, 102, 333, 293, 13, 197, 418, 269, 4, 17, 470, 235, 64, 103, 102, 280, 356, 176, 36, 303, 149, 463, 137, 397, 78, 217, 238, 361, 409, 58, 30, 489, 73, 51, 403, 249, 494, 328, 241]
No se pueden distribuir con los valores dados
Estación numero: 1 asignación: [499, 477, 470, 409, 397, 362, 356, 333, 293, 280, 257, 241, 217, 210, 176, 168, 163, 108, 102, 58, 51, 30, 5, 4]
Estación numero: 2 asignación: [494, 486, 463, 416, 381, 372, 361, 325, 303, 269, 265, 238, 218, 199, 191, 164, 163, 103, 102, 64, 51, 17, 13, 4]
Estación numero: 3 asignación: [492, 489, 436, 418, 403, 378, 354, 328, 302, 276, 249, 241, 235, 197, 186, 164, 149, 137, 78, 73, 36, 32, 13]


Numero de barrios 23
Numero estaciones: 2
Numero de personas por barrio: [395, 97, 17, 421, 334, 422, 63, 53, 483, 26, 206, 473, 235, 327, 333, 20, 435, 330, 371, 2, 188, 312, 387]
Si se puede distribuir de manera equitativa, el valor de cada asignación es: 2965
Estación numero: 1 asignación: [483, 422, 421, 371, 333, 327, 235, 206, 97, 53, 17]
Estación numero: 2 asignación: [473, 435, 395, 387, 334, 330, 312, 188, 63, 26, 20, 2]


Numero de barrios 6
Numero estaciones: 3
Numero de personas por barrio: [69, 333, 406, 46, 483, 260]
No se pueden distribuir con los valores dados
Estación numero: 1 asignación: [483]
Estación numero: 2 asignación: [406, 69, 46]
Estación numero: 3 asignación: [333, 260]


Numero de barrios 13
Numero estaciones: 4
Numero de personas por barrio: [207, 273, 73, 463, 443, 405, 345, 316, 147, 85, 359, 299, 124]
No se pueden distribuir con los valores dados
Estación numero: 1 asignación: [463, 273, 124]
Estación numero: 2 asignación: [443, 299, 85, 73]
Estación numero: 3 asignación: [405, 316, 147]
Estación numero: 4 asignación: [359, 345, 207]


Numero de barrios 90
Numero estaciones: 3
Numero de personas por barrio: [272, 234, 380, 472, 134, 107, 348, 485, 303, 218, 290, 176, 388, 126, 364, 215, 155, 60, 257, 230, 271, 349, 68, 182, 105, 132, 147, 321, 12, 397, 96, 34, 377, 78, 79, 292, 320, 397, 209, 273, 183, 49, 357, 24, 329, 148, 62, 454, 151, 263, 350, 31, 238, 311, 241, 46, 49, 200, 31, 207, 104, 129, 102, 196, 500, 25, 470, 478, 291, 5, 111, 224, 20, 237, 232, 396, 352, 459, 178, 260, 147, 468, 306, 465, 117, 143, 184, 355, 424, 79]
No se pueden distribuir con los valores dados
Estación numero: 1 asignación: [500, 468, 454, 397, 388, 377, 350, 329, 321, 306, 290, 263, 257, 234, 224, 218, 196, 184, 178, 148, 134, 129, 117, 102, 79, 68, 60, 31, 31, 12]
Estación numero: 2 asignación: [485, 470, 459, 424, 380, 357, 352, 349, 311, 303, 273, 272, 260, 237, 230, 209, 207, 182, 155, 151, 147, 132, 111, 105, 96, 62, 49, 34, 25, 20]
Estación numero: 3 asignación: [478, 472, 465, 397, 396, 364, 355, 348, 320, 292, 291, 271, 241, 238, 232, 215, 200, 183, 176, 147, 143, 126, 107, 104, 79, 78, 49, 46, 24, 5]


Numero de barrios 17
Numero estaciones: 2
Numero de personas por barrio: [13, 209, 96, 361, 357, 404, 396, 446, 284, 322, 487, 35, 444, 150, 313, 435, 469]
No se pueden distribuir con los valores dados
Estación numero: 1 asignación: [487, 444, 404, 396, 322, 313, 150, 96]
Estación numero: 2 asignación: [469, 446, 435, 361, 357, 284, 209, 35, 13]


Numero de barrios 7
Numero estaciones: 3
Numero de personas por barrio: [7, 19, 61, 487, 222, 24, 456]
No se pueden distribuir con los valores dados
Estación numero: 1 asignación: [487]
Estación numero: 2 asignación: [456]
Estación numero: 3 asignación: [222, 61, 24, 19, 7]


Numero de barrios 15
Numero estaciones: 2
Numero de personas por barrio: [376, 465, 256, 15, 13, 470, 169, 356, 450, 326, 50, 255, 494, 440, 381]
No se pueden distribuir con los valores dados
Estación numero: 1 asignación: [494, 450, 381, 376, 326, 169, 50, 13]
Estación numero: 2 asignación: [470, 465, 440, 356, 256, 255, 15]


Numero de barrios 68
Numero estaciones: 3
Numero de personas por barrio: [461, 140, 182, 230, 443, 143, 347, 239, 286, 428, 223, 339, 211, 364, 300, 147, 218, 205, 39, 147, 161, 291, 71, 115, 469, 302, 66, 324, 153, 439, 273, 405, 324, 220, 160, 61, 96, 214, 445, 368, 435, 202, 192, 468, 387, 444, 351, 270, 145, 125, 41, 466, 131, 326, 436, 284, 267, 203, 302, 434, 288, 414, 143, 262, 349, 232, 387, 266]
No se pueden distribuir con los valores dados
Estación numero: 1 asignación: [469, 444, 443, 434, 405, 368, 351, 326, 302, 300, 286, 267, 232, 230, 214, 205, 192, 147, 143, 131, 125, 61, 39]
Estación numero: 2 asignación: [468, 445, 439, 435, 414, 364, 349, 324, 324, 288, 273, 270, 262, 220, 211, 202, 161, 160, 147, 143, 96, 71, 41]
Estación numero: 3 asignación: [466, 461, 436, 428, 387, 387, 347, 339, 302, 291, 284, 266, 239, 223, 218, 203, 182, 153, 145, 140, 115, 66]


Numero de barrios 83
Numero estaciones: 2
Numero de personas por barrio: [175, 111, 236, 39, 93, 471, 330, 173, 292, 476, 72, 290, 379, 56, 232, 358, 239, 43, 2, 64, 176, 458, 175, 218, 227, 388, 302, 137, 161, 455, 280, 19, 1, 343, 155, 231, 103, 127, 373, 364, 311, 455, 376, 416, 57, 291, 446, 264, 77, 19, 412, 22, 262, 299, 158, 347, 147, 323, 65, 423, 244, 97, 451, 453, 368, 436, 290, 253, 291, 440, 431, 244, 33, 257, 162, 321, 191, 475, 471, 237, 444, 196, 327]
No se pueden distribuir con los valores dados
Estación numero: 1 asignación: [476, 471, 455, 455, 451, 440, 431, 423, 388, 379, 373, 364, 347, 330, 323, 302, 299, 291, 290, 280, 257, 244, 239, 237, 232, 227, 191, 175, 173, 162, 155, 147, 111, 103, 93, 65, 57, 56, 33, 19, 2, 1]
Estación numero: 2 asignación: [475, 471, 458, 453, 446, 444, 436, 416, 412, 376, 368, 358, 343, 327, 321, 311, 292, 291, 290, 264, 262, 253, 244, 236, 231, 218, 196, 176, 175, 161, 158, 137, 127, 97, 77, 72, 64, 43, 39, 22, 19]


Numero de barrios 88
Numero estaciones: 5
Numero de personas por barrio: [183, 411, 239, 99, 417, 493, 497, 150, 142, 173, 490, 133, 439, 236, 191, 140, 161, 479, 335, 414, 135, 382, 104, 165, 111, 437, 61, 173, 294, 25, 460, 100, 473, 439, 275, 230, 406, 306, 328, 412, 145, 197, 300, 435, 268, 330, 134, 364, 432, 242, 32, 239, 128, 51, 111, 227, 359, 311, 167, 308, 31, 386, 350, 478, 483, 268, 5, 149, 374, 188, 407, 143, 118, 139, 124, 411, 465, 248, 319, 320, 136, 210, 137, 301, 16, 151, 452, 125]
No se pueden distribuir con los valores dados
Estación numero: 1 asignación: [497, 452, 439, 417, 374, 364, 319, 294, 268, 210, 197, 151, 150, 136, 134, 100, 99]
Estación numero: 2 asignación: [493, 460, 439, 411, 407, 330, 320, 300, 239, 239, 173, 173, 149, 135, 133, 104, 61]
Estación numero: 3 asignación: [490, 465, 437, 411, 406, 335, 311, 301, 248, 230, 191, 161, 145, 139, 125, 111, 51, 5]
Estación numero: 4 asignación: [483, 473, 435, 412, 386, 350, 328, 275, 268, 227, 183, 167, 143, 140, 124, 118, 31, 16]
Estación numero: 5 asignación: [479, 478, 432, 414, 382, 359, 308, 306, 242, 236, 188, 165, 142, 137, 128, 111, 32, 25]


Numero de barrios 8
Numero estaciones: 2
Numero de personas por barrio: [402, 91, 104, 238, 382, 33, 469, 125]
No se pueden distribuir con los valores dados
Estación numero: 1 asignación: [469, 238, 125, 91]
Estación numero: 2 asignación: [402, 382, 104, 33]


Numero de barrios 92
Numero estaciones: 3
Numero de personas por barrio: [113, 9, 480, 383, 313, 319, 412, 49, 286, 458, 426, 12, 342, 211, 355, 171, 306, 90, 393, 56, 286, 292, 429, 453, 251, 97, 128, 421, 237, 33, 499, 13, 8, 73, 387, 40, 114, 226, 117, 167, 496, 376, 190, 446, 410, 467, 463, 417, 292, 9, 289, 347, 359, 209, 118, 385, 433, 298, 136, 302, 71, 125, 304, 88, 215, 292, 146, 270, 275, 244, 40, 57, 421, 471, 408, 331, 20, 221, 258, 454, 332, 441, 408, 352, 337, 6, 142, 163, 387, 116, 477, 166]
No se pueden distribuir con los valores dados
Estación numero: 1 asignación: [499, 467, 458, 441, 433, 421, 408, 408, 383, 355, 347, 332, 313, 302, 292, 286, 270, 244, 215, 211, 167, 146, 128, 118, 114, 88, 56, 40, 20, 9, 8]
Estación numero: 2 asignación: [496, 471, 454, 446, 429, 421, 410, 393, 385, 359, 352, 337, 306, 304, 292, 289, 275, 237, 221, 209, 166, 142, 136, 117, 97, 90, 57, 49, 33, 6]
Estación numero: 3 asignación: [480, 477, 463, 453, 426, 417, 412, 387, 387, 376, 342, 331, 319, 298, 292, 286, 258, 251, 226, 190, 171, 163, 125, 116, 113, 73, 71, 40, 13, 12, 9]


Numero de barrios 73
Numero estaciones: 5
Numero de personas por barrio: [202, 367, 357, 333, 270, 495, 137, 26, 267, 6, 141, 248, 326, 289, 1, 81, 88, 497, 468, 341, 200, 224, 314, 455, 406, 41, 432, 295, 123, 361, 256, 249, 65, 165, 270, 274, 266, 5, 286, 415, 186, 234, 419, 312, 12, 239, 182, 231, 278, 291, 228, 66, 186, 217, 27, 386, 166, 9, 306, 463, 292, 365, 59, 122, 500, 346, 187, 173, 55, 258, 48, 58, 85]
No se pueden distribuir con los valores dados
Estación numero: 1 asignación: [500, 406, 367, 346, 291, 274, 267, 239, 217, 186, 123, 122, 48, 12, 5]
Estación numero: 2 asignación: [497, 415, 365, 326, 306, 278, 266, 231, 228, 173, 166, 81, 55, 9, 6, 1]
Estación numero: 3 asignación: [495, 419, 361, 341, 292, 286, 256, 249, 200, 187, 165, 66, 58, 27]
Estación numero: 4 asignación: [468, 432, 386, 314, 312, 270, 270, 234, 224, 182, 137, 85, 65, 26]
Estación numero: 5 asignación: [463, 455, 357, 333, 295, 289, 258, 248, 202, 186, 141, 88, 59, 41]


Numero de barrios 81
Numero estaciones: 2
Numero de personas por barrio: [37, 269, 34, 397, 21, 301, 489, 169, 251, 215, 271, 66, 216, 81, 225, 289, 118, 350, 52, 87, 262, 487, 77, 45, 239, 403, 230, 90, 118, 216, 216, 95, 418, 378, 341, 143, 273, 76, 337, 108, 421, 172, 405, 392, 495, 50, 44, 390, 296, 309, 28, 12, 245, 353, 499, 79, 45, 62, 358, 53, 474, 222, 114, 71, 165, 354, 307, 466, 126, 324, 437, 391, 492, 104, 49, 492, 177, 211, 403, 276, 87]
No se pueden distribuir con los valores dados
Estación numero: 1 asignación: [499, 492, 487, 466, 437, 405, 403, 397, 390, 358, 354, 350, 337, 307, 296, 289, 271, 262, 245, 239, 222, 216, 215, 211, 169, 143, 118, 114, 108, 90, 87, 81, 77, 71, 53, 52, 49, 44, 37, 21, 12]
Estación numero: 2 asignación: [495, 492, 489, 474, 421, 418, 403, 392, 391, 378, 353, 341, 324, 309, 301, 276, 273, 269, 251, 230, 225, 216, 216, 177, 172, 165, 126, 118, 104, 95, 87, 79, 76, 66, 62, 50, 45, 45, 34, 28]


Numero de barrios 43
Numero estaciones: 2
Numero de personas por barrio: [377, 71, 117, 443, 41, 339, 457, 444, 1, 226, 339, 429, 132, 60, 252, 333, 225, 231, 156, 341, 325, 149, 488, 260, 131, 208, 433, 463, 226, 135, 315, 360, 278, 387, 426, 385, 294, 202, 197, 438, 348, 43, 44]
No se pueden distribuir con los valores dados
Estación numero: 1 asignación: [488, 444, 438, 429, 387, 385, 360, 341, 339, 325, 278, 260, 231, 226, 208, 156, 149, 132, 117, 44, 41]
Estación numero: 2 asignación: [463, 457, 443, 433, 426, 377, 348, 339, 333, 315, 294, 252, 226, 225, 202, 197, 135, 131, 71, 60, 43, 1]


Numero de barrios 77
Numero estaciones: 3
Numero de personas por barrio: [36, 324, 325, 390, 340, 71, 369, 260, 458, 188, 359, 66, 456, 194, 93, 100, 370, 282, 274, 23, 294, 360, 136, 366, 367, 353, 14, 48, 400, 197, 288, 94, 84, 257, 414, 450, 197, 51, 377, 274, 198, 227, 410, 261, 209, 406, 129, 302, 433, 125, 6, 102, 77, 343, 444, 165, 346, 4, 143, 61, 230, 177, 318, 406, 2, 492, 194, 56, 162, 298, 436, 449, 201, 462, 295, 131, 213]
No se pueden distribuir con los valores dados
Estación numero: 1 asignación: [492, 449, 433, 406, 390, 370, 366, 353, 340, 302, 298, 288, 261, 257, 201, 197, 188, 162, 136, 129, 93, 71, 61, 48, 14]
Estación numero: 2 asignación: [462, 450, 444, 410, 400, 377, 360, 359, 325, 324, 295, 282, 260, 230, 213, 198, 194, 165, 143, 102, 100, 84, 66, 36, 23, 2]
Estación numero: 3 asignación: [458, 456, 436, 414, 406, 369, 367, 346, 343, 318, 294, 274, 274, 227, 209, 197, 194, 177, 131, 125, 94, 77, 56, 51, 6, 4]


Numero de barrios 54
Numero estaciones: 3
Numero de personas por barrio: [78, 496, 411, 361, 36, 101, 368, 248, 54, 249, 329, 181, 453, 281, 427, 174, 206, 135, 367, 266, 258, 91, 224, 91, 60, 349, 94, 472, 122, 147, 484, 460, 46, 115, 455, 277, 431, 92, 169, 37, 306, 19, 382, 329, 242, 433, 465, 296, 227, 339, 406, 482, 55, 196]
No se pueden distribuir con los valores dados
Estación numero: 1 asignación: [496, 460, 433, 431, 382, 361, 339, 296, 266, 242, 227, 174, 169, 101, 91, 60, 55, 37]
Estación numero: 2 asignación: [484, 465, 455, 427, 368, 367, 329, 306, 258, 249, 224, 181, 135, 122, 94, 91, 46, 19]
Estación numero: 3 asignación: [482, 472, 453, 411, 406, 349, 329, 281, 277, 248, 206, 196, 147, 115, 92, 78, 54, 36]


Numero de barrios 88
Numero estaciones: 2
Numero de personas por barrio: [2, 458, 260, 37, 391, 79, 108, 127, 318, 20, 374, 367, 278, 438, 258, 102, 370, 81, 454, 381, 253, 491, 172, 307, 413, 396, 341, 382, 151, 342, 83, 419, 3, 257, 113, 306, 38, 66, 267, 284, 189, 500, 14, 265, 407, 190, 147, 74, 37, 142, 415, 445, 400, 24, 349, 247, 391, 283, 478, 229, 177, 147, 127, 499, 385, 148, 86, 389, 413, 52, 221, 242, 280, 344, 142, 415, 24, 276, 386, 311, 429, 343, 109, 247, 306, 247, 377, 159]
Si se puede distribuir de manera equitativa, el valor de cada asignación es: 11247
Estación numero: 1 asignación: [500, 478, 458, 445, 429, 415, 413, 400, 391, 391, 386, 382, 374, 370, 344, 343, 341, 307, 306, 283, 278, 267, 260, 258, 253, 247, 229, 221, 177, 159, 151, 147, 142, 127, 109, 108, 83, 79, 74, 38, 37, 24, 20, 3]
Estación numero: 2 asignación: [499, 491, 454, 438, 419, 415, 413, 407, 396, 389, 385, 381, 377, 367, 349, 342, 318, 311, 306, 284, 280, 276, 265, 257, 247, 247, 242, 190, 189, 172, 148, 147, 142, 127, 113, 102, 86, 81, 66, 52, 37, 24, 14, 2]


Numero de barrios 54
Numero estaciones: 2
Numero de personas por barrio: [224, 141, 219, 219, 208, 157, 415, 104, 489, 330, 457, 484, 446, 226, 266, 393, 448, 166, 440, 81, 474, 109, 72, 373, 217, 183, 346, 70, 39, 228, 296, 357, 216, 289, 213, 488, 333, 217, 172, 431, 332, 335, 113, 432, 432, 437, 429, 476, 223, 167, 162, 498, 328, 418]
No se pueden distribuir con los valores dados
Estación numero: 1 asignación: [498, 484, 474, 448, 446, 437, 431, 418, 415, 357, 346, 332, 328, 289, 266, 224, 219, 217, 216, 208, 172, 166, 157, 113, 109, 81, 70]
Estación numero: 2 asignación: [489, 488, 476, 457, 440, 432, 432, 429, 393, 373, 335, 333, 330, 296, 228, 226, 223, 219, 217, 213, 183, 167, 162, 141, 104, 72, 39]


Numero de barrios 75
Numero estaciones: 5
Numero de personas por barrio: [407, 14, 71, 65, 439, 100, 392, 436, 27, 230, 19, 167, 93, 353, 180, 403, 234, 423, 462, 473, 122, 167, 477, 483, 182, 51, 378, 372, 202, 279, 290, 256, 112, 344, 125, 21, 112, 34, 485, 388, 161, 50, 124, 140, 401, 25, 78, 95, 435, 313, 239, 457, 83, 357, 408, 343, 46, 240, 362, 90, 316, 119, 403, 94, 474, 226, 310, 444, 184, 324, 491, 151, 401, 146, 6]
No se pueden distribuir con los valores dados
Estación numero: 1 asignación: [491, 439, 435, 401, 357, 353, 256, 240, 202, 161, 112, 95, 83, 34, 21]
Estación numero: 2 asignación: [485, 444, 436, 392, 378, 324, 310, 226, 180, 146, 124, 100, 71, 51, 19]
Estación numero: 3 asignación: [483, 457, 408, 403, 388, 316, 313, 230, 167, 167, 119, 93, 78, 46, 6]
Estación numero: 4 asignación: [477, 462, 423, 401, 362, 344, 290, 234, 182, 140, 125, 112, 65, 50, 14]
Estación numero: 5 asignación: [474, 473, 407, 403, 372, 343, 279, 239, 184, 151, 122, 94, 90, 27, 25]


Numero de barrios 45
Numero estaciones: 4
Numero de personas por barrio: [418, 26, 333, 214, 257, 292, 116, 391, 9, 40, 56, 332, 473, 381, 269, 476, 155, 373, 13, 483, 115, 472, 279, 313, 269, 277, 490, 500, 115, 346, 22, 182, 142, 110, 276, 93, 129, 94, 249, 256, 24, 32, 268, 432, 3]
No se pueden distribuir con los valores dados
Estación numero: 1 asignación: [500, 418, 391, 313, 277, 268, 155, 142, 115, 56, 13]
Estación numero: 2 asignación: [490, 432, 381, 332, 269, 257, 249, 115, 93, 26, 3]
Estación numero: 3 asignación: [483, 472, 346, 333, 276, 256, 182, 129, 110, 32, 24, 9]
Estación numero: 4 asignación: [476, 473, 373, 292, 279, 269, 214, 116, 94, 40, 22]